0.890562, 0.164053
0.871527, 0.176655
0.821490, 0.215944
0.811625, 0.239721
0.836324, 0.259148
0.836521, 0.290598
0.860968, 0.290331
0.931213, 0.265843
0.947204, 0.261152
0.931867, 0.248319
0.925098, 0.242884
0.973198, 0.247591
0.994551, 0.290303
0.968749, 0.326731
0.966837, 0.329997
0.939470, 0.343830
0.921336, 0.391037
0.951234, 0.398800
0.985245, 0.379470
0.977212, 0.455785
0.944085, 0.475014
0.945154, 0.488685
0.958911, 0.506841
0.954180, 0.525621
0.906507, 0.507115
0.856908, 0.511564
0.815558, 0.498006
0.783768, 0.476160
0.775319, 0.451693
0.797508, 0.454017
0.804648, 0.456784
0.755721, 0.472437
0.741258, 0.477956
0.732270, 0.461064
0.701709, 0.442079
0.724278, 0.423515
0.730328, 0.411622
0.748796, 0.416477
0.707320, 0.409254
0.682216, 0.406187
0.684479, 0.389927
0.640265, 0.429811
0.625803, 0.433020
0.628417, 0.419939
0.582921, 0.441040
0.621226, 0.499010
0.637570, 0.497516
0.631551, 0.514431
0.650030, 0.483365
0.693573, 0.497057
0.665930, 0.542918
0.661217, 0.564530
0.658742, 0.606886
0.684104, 0.604984
0.692379, 0.597356
0.705073, 0.622394
0.695981, 0.639330
0.721168, 0.634548
0.733595, 0.627272
0.732825, 0.623746
0.749131, 0.643673
0.774562, 0.658351
0.796486, 0.649855
0.796615, 0.625968
0.810693, 0.604577
0.816772, 0.599508
0.836409, 0.586477
0.846378, 0.603907
0.856503, 0.646992
0.861731, 0.658301
0.846626, 0.655084
0.881983, 0.687131
0.875016, 0.704904
0.898667, 0.726103
0.893732, 0.742385
0.882555, 0.740120
0.900071, 0.771358
0.923046, 0.762256
0.912616, 0.795971
0.866793, 0.818285
0.863164, 0.830789
0.855340, 0.889140
0.905392, 0.925227
0.908412, 0.933133
0.906911, 0.949279
0.896843, 0.959128
0.877362, 0.957454
0.867803, 0.970647
0.847445, 0.950984
0.827316, 0.954754
0.829701, 0.994461
0.836316, 0.994802
0.901185, 0.996904
0.908948, 0.978984
0.932678, 0.996834
0.964178, 0.992486
0.980074, 0.977404
0.920627, 0.899671
0.944744, 0.854635
0.847525, 0.751872
0.798352, 0.726732
0.779309, 0.716204
0.784636, 0.699858
0.781711, 0.689849
0.800659, 0.692183
0.759656, 0.725711
0.742589, 0.680119
0.694118, 0.725319
0.683326, 0.752638
0.709436, 0.772461
0.715802, 0.809230
0.698824, 0.841776
0.695009, 0.856157
0.716186, 0.881903
0.729067, 0.850241
0.754517, 0.813272
0.788818, 0.865277
0.783620, 0.891528
0.736027, 0.929236
0.738796, 0.936183
0.721831, 0.941058
0.692351, 0.952646
0.672161, 0.946084
0.666598, 0.956030
0.637563, 0.982267
0.677940, 0.999585
0.757969, 0.973927
0.770022, 0.996793
0.670199, 0.891670
0.625603, 0.873857
0.604230, 0.880455
0.594669, 0.911669
0.577443, 0.918041
0.580924, 0.935031
0.611367, 0.926488
0.551424, 0.954838
0.472755, 0.965887
0.467401, 0.956624
0.427221, 0.957495
0.410413, 0.990501
0.417774, 0.998368
0.378396, 0.993647
0.361144, 0.977369
0.339515, 0.897485
0.311420, 0.892427
0.309869, 0.863263
0.292990, 0.838585
0.285138, 0.828126
0.265445, 0.796702
0.246779, 0.786268
0.215557, 0.789331
0.233646, 0.741912
0.270326, 0.739591
0.274704, 0.764139
0.298767, 0.768241
0.330501, 0.767268
0.330753, 0.730808
0.357794, 0.737798
0.372774, 0.757155
0.416010, 0.760054
0.418544, 0.743103
0.447710, 0.748930
0.465116, 0.743239
0.458158, 0.766865
0.461400, 0.778509
0.476344, 0.801300
0.490950, 0.823389
0.518975, 0.863952
0.514910, 0.879504
0.453688, 0.875823
0.415267, 0.892964
0.419205, 0.912952
0.391716, 0.847263
0.382168, 0.818888
0.412071, 0.822736
0.341229, 0.852930
0.287663, 0.918721
0.276892, 0.920575
0.255158, 0.917307
0.251173, 0.938002
0.259319, 0.949803
0.251616, 0.953659
0.268464, 0.951490
0.268875, 0.948537
0.265521, 0.940045
0.276772, 0.966779
0.230914, 0.927462
0.210660, 0.883480
0.183960, 0.852775
0.173358, 0.838819
0.170837, 0.867105
0.137445, 0.897036
0.124235, 0.924966
0.123234, 0.948980
0.097019, 0.922412
0.075970, 0.925466
0.068396, 0.911951
0.073388, 0.891707
0.063052, 0.867980
0.097353, 0.837207
0.076018, 0.790953
0.017987, 0.777860
0.003903, 0.736521
0.035025, 0.725918
0.065627, 0.713794
0.071663, 0.694136
0.081718, 0.671538
0.106824, 0.652115
0.115861, 0.680957
0.165329, 0.715228
0.183902, 0.718981
0.220149, 0.689878
0.212790, 0.628932
0.199391, 0.616654
0.189400, 0.585624
0.153445, 0.577022
0.119139, 0.560440
0.091947, 0.551371
0.094970, 0.577902
0.062387, 0.623338
0.040806, 0.635855
0.006502, 0.636244
0.006151, 0.510123
0.027101, 0.445147
0.065718, 0.417696
0.054477, 0.397527
0.033125, 0.372750
0.090407, 0.438223
0.123996, 0.418177
0.125481, 0.416479
0.133328, 0.370419
0.164045, 0.376481
0.171141, 0.359802
0.160565, 0.350474
0.188378, 0.349865
0.165333, 0.319177
0.129085, 0.283759
0.117776, 0.273507
0.133749, 0.236901
0.067576, 0.230776
0.062038, 0.272050
0.017084, 0.242193
0.018435, 0.198808
0.001265, 0.149269
0.012448, 0.136545
0.018651, 0.144121
0.018868, 0.114135
0.002919, 0.100759
0.009651, 0.090445
0.019446, 0.018052
0.030485, 0.004719
0.006266, 0.004540
0.070180, 0.015089
0.073271, 0.012329
0.066404, 0.030043
0.102716, 0.021040
0.113514, 0.003997
0.150615, 0.060812
0.186111, 0.054746
0.196707, 0.016825
0.271626, 0.046360
0.287185, 0.066708
0.275872, 0.071948
0.300498, 0.042200
0.375586, 0.046029
0.378901, 0.061254
0.401808, 0.072141
0.396206, 0.081337
0.407474, 0.091158
0.410589, 0.086742
0.386040, 0.118869
0.361323, 0.133029
0.357864, 0.142966
0.344402, 0.106586
0.288465, 0.120611
0.229426, 0.170000
0.190647, 0.173024
0.160351, 0.159450
0.133038, 0.129572
0.115105, 0.139732
0.096683, 0.178469
0.128729, 0.091320
0.091543, 0.069428
0.196451, 0.109631
0.239840, 0.211478
0.257874, 0.204270
0.223908, 0.229628
0.238357, 0.280377
0.235552, 0.282299
0.248854, 0.311661
0.231549, 0.344367
0.261786, 0.365836
0.223307, 0.394909
0.232223, 0.410909
0.265218, 0.424920
0.285105, 0.448308
0.253069, 0.474957
0.253299, 0.489012
0.248628, 0.492939
0.258272, 0.495503
0.235113, 0.474414
0.221754, 0.489089
0.234582, 0.540643
0.217599, 0.544046
0.255097, 0.570416
0.240867, 0.593902
0.240468, 0.595904
0.266852, 0.646856
0.282582, 0.644665
0.334918, 0.627156
0.359321, 0.658615
0.373616, 0.698726
0.425298, 0.704022
0.438426, 0.705368
0.423525, 0.676921
0.409199, 0.649627
0.393328, 0.607353
0.355450, 0.570554
0.343426, 0.560338
0.333946, 0.563245
0.330876, 0.545105
0.313721, 0.562124
0.311395, 0.559542
0.297417, 0.562051
0.279225, 0.541823
0.157478, 0.498517
0.147470, 0.477200
0.148309, 0.470571
0.127782, 0.478522
0.093664, 0.495266
0.182394, 0.410400
0.198256, 0.397810
0.312046, 0.369568
0.368481, 0.392262
0.394487, 0.370916
0.387610, 0.364557
0.369085, 0.343215
0.367962, 0.315920
0.404356, 0.314965
0.413379, 0.318171
0.412987, 0.327454
0.431829, 0.349083
0.407878, 0.398976
0.436132, 0.432625
0.452573, 0.461847
0.413467, 0.486430
0.393622, 0.462212
0.466023, 0.514048
0.479006, 0.545047
0.488344, 0.540964
0.506238, 0.510029
0.495289, 0.493712
0.498659, 0.450493
0.466946, 0.410361
0.494139, 0.381849
0.512546, 0.369380
0.541584, 0.378403
0.555989, 0.335072
0.536055, 0.318354
0.504905, 0.321961
0.468307, 0.277340
0.444907, 0.264926
0.437244, 0.254694
0.436446, 0.232229
0.485516, 0.230563
0.486187, 0.216728
0.465018, 0.183415
0.410340, 0.141964
0.491158, 0.109854
0.493849, 0.109393
0.510901, 0.121628
0.522385, 0.141512
0.541968, 0.118782
0.550208, 0.120370
0.582236, 0.100769
0.580165, 0.081183
0.577756, 0.069458
0.624724, 0.078799
0.633832, 0.088620
0.648312, 0.082951
0.648374, 0.109591
0.635376, 0.116475
0.656663, 0.148335
0.700473, 0.159131
0.728095, 0.141775
0.760490, 0.201537
0.770050, 0.229140
0.718816, 0.242886
0.672664, 0.247786
0.665306, 0.245574
0.645624, 0.250439
0.627438, 0.322832
0.721425, 0.296854
0.804578, 0.384271
0.828469, 0.363910
0.852017, 0.403704
0.780715, 0.531339
0.784276, 0.592014
0.742259, 0.591600
0.730538, 0.573368
0.652125, 0.637098
0.646146, 0.662879
0.666787, 0.705399
0.652921, 0.712522
0.613926, 0.759572
0.583276, 0.755501
0.567437, 0.754336
0.560270, 0.753765
0.589625, 0.780550
0.614246, 0.805119
0.623033, 0.834760
0.558502, 0.835810
0.538134, 0.789564
0.508954, 0.735385
0.529720, 0.703681
0.500600, 0.656167
0.496734, 0.656355
0.477918, 0.656563
0.463559, 0.652162
0.488826, 0.621821
0.460380, 0.592109
0.438306, 0.576912
0.528004, 0.548442
0.536128, 0.535850
0.573872, 0.514097
0.596575, 0.528489
0.596491, 0.549082
0.589150, 0.556493
0.560838, 0.588740
0.563976, 0.632294
0.590448, 0.703559
0.315999, 0.698129
0.165627, 0.616765
0.020977, 0.822945
0.019166, 0.905961
0.001298, 0.907054
0.051805, 0.950455
0.063472, 0.972225
0.037558, 0.971997
0.001881, 0.993988
0.110877, 0.997150
0.131009, 0.991426
0.175920, 0.950936
0.101221, 0.898746
0.252865, 0.874133
0.298901, 0.308581
0.326817, 0.248749
0.345506, 0.218614
0.362701, 0.234959
0.500017, 0.256338
0.568426, 0.224276
0.599521, 0.167723
0.602291, 0.158581
0.671527, 0.098555
0.707392, 0.052906
0.725607, 0.033010
0.718819, 0.008012
0.671420, 0.010991
0.655677, 0.009349
0.661891, 0.041295
0.608556, 0.018004
0.518249, 0.032721
0.506271, 0.015280
0.500570, 0.058091
0.489620, 0.065124
0.433101, 0.024763
0.753248, 0.048216
0.786309, 0.026224
0.796365, 0.013424
0.822957, 0.044038
0.858454, 0.040817
0.861326, 0.061674
0.887439, 0.093446
0.889214, 0.092727
0.840604, 0.109947
0.805649, 0.127699
0.800321, 0.140724
0.785247, 0.093780
0.796674, 0.072665
0.897301, 0.019621
0.912408, 0.011183
0.916177, 0.030491
0.934750, 0.031137
0.960888, 0.042965
0.974111, 0.044573
0.988107, 0.067217
0.984354, 0.075307
0.928567, 0.136941
0.929495, 0.141382
0.984448, 0.166341
0.887210, 0.003358
0.849753, 0.556223
0.863718, 0.560314
0.945998, 0.581381
0.935162, 0.631045
0.937828, 0.663737
0.960272, 0.682075
0.964317, 0.686707
0.922170, 0.708026
0.198655, 0.280550
0.890562, 0.164053
